{
 "cells": [
  {
   "cell_type": "code",
   "execution_count": 2,
   "id": "26d478e6",
   "metadata": {},
   "outputs": [],
   "source": [
    "import numpy as np\n",
    "import modern_robotics as mr\n"
   ]
  },
  {
   "cell_type": "code",
   "execution_count": 8,
   "id": "1c68c486",
   "metadata": {},
   "outputs": [],
   "source": [
    "T = np.array([[0, 1, 0,-0.5],\n",
    "              [0, 0,-1, 0.1],\n",
    "              [-1,0, 0, 0.1],\n",
    "              [ 0,0, 0,   1]])\n",
    "\n",
    "M = np.array([[-1, 0, 0, 0.817],\n",
    "              [0,  0, 1, 0.191],\n",
    "              [0,  1, 0, -0.006],\n",
    "              [0,  0, 0,     1]])\n",
    "\n",
    "blist = np.array([[   0,    0,    0,    0,     0, 0],\n",
    "                  [   1,    0,    0,    0,    -1, 0],\n",
    "                  [   0,    1,    1,    1,     0, 1],\n",
    "                  [.191, .095, .095, .095, -.082, 0],\n",
    "                  [   0,-.817,-.392,    0,     0, 0],\n",
    "                  [.817,    0,    0,    0,     0, 0]])\n",
    "\n",
    "eomg = 0.001\n",
    "ev = 0.0001\n",
    "\n",
    "thetalist = np.array([6,-2.4,4,-5,3,1])"
   ]
  },
  {
   "cell_type": "code",
   "execution_count": 11,
   "id": "d02c6f93",
   "metadata": {},
   "outputs": [],
   "source": [
    "def IKinBodyIterations(blist, M, T, thetalist, eomg, ev):\n",
    "    \n",
    "    theta_array = thetalist\n",
    "    \n",
    "    Vb = mr.se3ToVec(mr.MatrixLog6(np.dot(mr.TransInv(mr.FKinBody(M,blist, thetalist)),T)))\n",
    "    \n",
    "    err = np.linalg.norm(Vb[0:3]) > eomg or np.lingalg.norm(Vb[3:])>ev\n",
    "    \n",
    "    Tsd_twist = mr.se3ToVec(mr.MatrixLog6(T))\n",
    "    Tsd_eomg_mag = np.linalg.norm(Tsd_twist[0:3])\n",
    "    Tsd_ev_mag = np.linalg.norm(Tsd_twist[3:])\n",
    "    \n",
    "    i = 0\n",
    "    maxiter = 20\n",
    "    \n",
    "    print(f'''Iteration 0 \\n\n",
    "    Joint Vector {thetalist} \\n\n",
    "    SE3 end-effector config: \\n {mr.FKinBody(M, blist, thetalist)} \\n\n",
    "    Error twist Vb {Vb} \\n\n",
    "    Angular error magnitude ||omega_b||: {Tsd_eomg_mag - np.linalg.norm(Vb[0:3])} \\n\n",
    "    Linear error magnitude ||v_b||: {Tsd_ev_mag - np.linalg.norm(Vb[3:])}''')\n",
    "    \n",
    "    while err and i < maxiter:\n",
    "        \n",
    "        thetalist = thetalist + np.dot(np.linalg.pinv(mr.JacobianBody(blist,thetalist)), Vb)\n",
    "        theta_array = np.vstack([theta_array, thetalist])\n",
    "        \n",
    "        i += 1\n",
    "        Vb = mr.se3ToVec(mr.MatrixLog6(np.dot(mr.TransInv(mr.FKinBody(M,blist, thetalist)),T)))\n",
    "        err = np.linalg.norm(Vb[0:3]) > eomg or np.linalg.norm(Vb[3:])>ev\n",
    "        \n",
    "        #Find the new end-effector representation\n",
    "        Tsb = mr.FKinBody(M, blist, thetalist)\n",
    "        \n",
    "        #Find new twist to find the current eomg and ev magnitutdes\n",
    "        current_twist = mr.se3ToVec(mr.MatrixLog6(Tsb))\n",
    "        current_eomg = np.linalg.norm(current_twist[0:3])\n",
    "        current_ev = np.linalg.norm(current_twist[3:])\n",
    "        \n",
    "        #Find if the threshold has been reached\n",
    "        error_omg = Tsd_eomg_mag - current_eomg\n",
    "        error_v = Tsd_ev_mag - current_ev\n",
    "        \n",
    "        #Current Vb error twist\n",
    "        Vb_error_twist = Tsd_twist - current_twist\n",
    "        \n",
    "        print(f'''Iteration {i} \\n\n",
    "        Joint Vector: {thetalist} \\n\n",
    "        SE3 end-effector config: \\n {Tsb} \\n\n",
    "        Error twist Vb: {Vb_error_twist} \\n\n",
    "        Angular error magnitude ||omega_b||: {error_omg} \\n\n",
    "        Linear error magnitude ||v_b||: {error_v} \\n''')\n",
    "        \n",
    "    np.savetxt('thetalist.csv', theta_array, delimiter=',')\n",
    "        "
   ]
  },
  {
   "cell_type": "code",
   "execution_count": 12,
   "id": "aead288c",
   "metadata": {},
   "outputs": [
    {
     "name": "stdout",
     "output_type": "stream",
     "text": [
      "Iteration 0 \n",
      "\n",
      "    Joint Vector [ 6.  -2.4  4.  -5.   3.   1. ] \n",
      "\n",
      "    SE3 end-effector config: \n",
      " [[-0.26876783  0.87270274 -0.40761967 -0.33817832]\n",
      " [ 0.15762346 -0.3776362  -0.91243945  0.12738665]\n",
      " [-0.95022034 -0.30948479 -0.03606196  0.07312775]\n",
      " [ 0.          0.          0.          1.        ]] \n",
      "\n",
      "    Error twist Vb [-0.41091707 -0.10135377  0.3025942  -0.00439713 -0.15689686  0.059557  ] \n",
      "\n",
      "    Angular error magnitude ||omega_b||: 1.5741176032456146 \n",
      "\n",
      "    Linear error magnitude ||v_b||: 0.42900611105167097\n",
      "Iteration 1 \n",
      "\n",
      "        Joint Vector: [ 6.103204   -2.18539258  4.2128313  -6.21134064  3.30075903  0.53025893] \n",
      "\n",
      "        SE3 end-effector config: \n",
      " [[-0.01732346  0.99502363 -0.09812173 -0.48041178]\n",
      " [-0.13582286 -0.09956868 -0.98571711  0.11590784]\n",
      " [-0.99058167 -0.00374886  0.13687183  0.14351787]\n",
      " [ 0.          0.          0.          1.        ]] \n",
      "\n",
      "        Error twist Vb: [ 0.03603207  0.14296858  0.14183427  0.02537422 -0.01669063 -0.07686809] \n",
      "\n",
      "        Angular error magnitude ||omega_b||: 0.01149736750915853 \n",
      "\n",
      "        Linear error magnitude ||v_b||: 0.010943745734951493 \n",
      "\n",
      "Iteration 2 \n",
      "\n",
      "        Joint Vector: [ 6.14399737 -2.47751843  4.37918908 -5.32726102  3.21223281  1.28398857] \n",
      "\n",
      "        SE3 end-effector config: \n",
      " [[-0.00488234  0.99744339 -0.07129405 -0.47464773]\n",
      " [-0.01947791 -0.07137623 -0.99725927  0.09396537]\n",
      " [-0.99979837 -0.0034803   0.01977659  0.07301927]\n",
      " [ 0.          0.          0.          1.        ]] \n",
      "\n",
      "        Error twist Vb: [-0.03570885  0.04606081  0.06469928 -0.04164404  0.0144725  -0.01118297] \n",
      "\n",
      "        Angular error magnitude ||omega_b||: -0.03292881883664567 \n",
      "\n",
      "        Linear error magnitude ||v_b||: 0.03166580740625424 \n",
      "\n",
      "Iteration 3 \n",
      "\n",
      "        Joint Vector: [ 6.13726466 -2.51548381  4.62033072 -4.95063598  3.28162235  1.86666216] \n",
      "\n",
      "        SE3 end-effector config: \n",
      " [[ 0.00327781  0.99992396 -0.01188838 -0.49586715]\n",
      " [ 0.04065031 -0.01201185 -0.99910123  0.10097651]\n",
      " [-0.99916806  0.0027916  -0.04068659  0.08817114]\n",
      " [ 0.          0.          0.          1.        ]] \n",
      "\n",
      "        Error twist Vb: [-0.0402059  -0.02198265 -0.01294214 -0.01273144  0.00120295  0.0147468 ] \n",
      "\n",
      "        Angular error magnitude ||omega_b||: -0.028776009974928574 \n",
      "\n",
      "        Linear error magnitude ||v_b||: 0.0037867677649201514 \n",
      "\n",
      "Iteration 4 \n",
      "\n",
      "        Joint Vector: [ 6.14071097 -2.48801608  4.54671086 -5.20113005  3.27789885  1.57002417] \n",
      "\n",
      "        SE3 end-effector config: \n",
      " [[ 6.19395032e-05  9.99980975e-01 -6.16815121e-03 -5.00998749e-01]\n",
      " [-1.14882547e-04 -6.16814406e-03 -9.99980970e-01  9.99111299e-02]\n",
      " [-9.99999991e-01  6.26469374e-05  1.14498309e-04  9.61605900e-02]\n",
      " [ 0.00000000e+00  0.00000000e+00  0.00000000e+00  1.00000000e+00]] \n",
      "\n",
      "        Error twist Vb: [-0.00448578  0.00305303  0.00454918 -0.00217585  0.00385986  0.00223775] \n",
      "\n",
      "        Angular error magnitude ||omega_b||: -0.0034627815949459517 \n",
      "\n",
      "        Linear error magnitude ||v_b||: -0.0007225481342832962 \n",
      "\n",
      "Iteration 5 \n",
      "\n",
      "        Joint Vector: [ 6.14040738 -2.47950469  4.54351559 -5.20556522  3.28437054  1.57083469] \n",
      "\n",
      "        SE3 end-effector config: \n",
      " [[ 4.22585769e-07  1.00000000e+00 -4.64127887e-08 -4.99985192e-01]\n",
      " [ 5.45469078e-06 -4.64150938e-08 -1.00000000e+00  9.99964529e-02]\n",
      " [-1.00000000e+00  4.22585516e-07 -5.45469080e-06  9.99950195e-02]\n",
      " [ 0.00000000e+00  0.00000000e+00  0.00000000e+00  1.00000000e+00]] \n",
      "\n",
      "        Error twist Vb: [-4.25081001e-06 -3.68369560e-06 -2.85599409e-06 -1.64003546e-05\n",
      " -6.36723323e-06 -4.71233558e-06] \n",
      "\n",
      "        Angular error magnitude ||omega_b||: -2.932087439955211e-06 \n",
      "\n",
      "        Linear error magnitude ||v_b||: 1.794355176121254e-05 \n",
      "\n"
     ]
    }
   ],
   "source": [
    "answer = IKinBodyIterations(blist, M, T, thetalist, eomg, ev)\n",
    "answer"
   ]
  },
  {
   "cell_type": "code",
   "execution_count": null,
   "id": "3ea91f69",
   "metadata": {},
   "outputs": [],
   "source": []
  }
 ],
 "metadata": {
  "kernelspec": {
   "display_name": "Python 3 (ipykernel)",
   "language": "python",
   "name": "python3"
  },
  "language_info": {
   "codemirror_mode": {
    "name": "ipython",
    "version": 3
   },
   "file_extension": ".py",
   "mimetype": "text/x-python",
   "name": "python",
   "nbconvert_exporter": "python",
   "pygments_lexer": "ipython3",
   "version": "3.9.16"
  }
 },
 "nbformat": 4,
 "nbformat_minor": 5
}
